obs	tc	price	ev	gc	fees
1	275410	3370.22	1752760000	2050	159.0631105
2	260817	3420.4	1468960000	1725	157.9519131
3	257831	3341.84	1515110000	1675	193.1860029
4	283857	3373.82	2021190000	1799.999995	234.9447078
5	260386	3650.63	2219590000	1687.5	210.7524022
6	263162	3880.04	3159090000	1850	189.7110465
7	255232	4066.1	2463090000	1625	249.1882738
8	310850	4326.99	3258050000	1900	350.4503826
9	274736	4200.34	2272040000	1625	347.5250086
10	347140	4384.44	2553360000	2237.5	365.3163491
11	312101	4324.34	2941710000	1862.5	337.9619232
12	266681	4137.75	2975820000	1887.5	265.9117988
13	210722	4189.31	2109770000	1625	208.9819963
14	236657	4090.48	2800890000	1437.5	297.9649648
15	196194	3998.35	3764240000	1112.5	334.1847451
16	315575	4089.01	2369820000	1987.499999	541.9706816
17	203704	4137.6	2037750000	1262.499182	386.0000518
18	208068	4332.82	1727970000	1262.5	425.8158792
19	226380	4372.06	1511610000	1312.5	425.3131221
20	261736	4345.1	1537460000	1937.5	358.8427278
21	223642	4384.45	1959330000	1612.5	378.1784669
22	280967	4389.21	2486080000	1862.5	461.7601417
23	271298	4570.36	1937850000	2100	388.4975306
24	280561	4555.59	1944930000	2037.49997	413.2149269
25	283496	4701.76	2599080000	2174.99999	382.7420165
26	236647	4901.42	2722140000	2050	290.49926
27	195135	4585.27	1933190000	1925	239.1352699
28	269105	4591.63	2987330000	2187.49998	325.4017002
29	277751	4228.29	2697970000	2462.5	281.9048031
30	276063	4376.59	2172100000	2025	272.599878
31	256198	4589.14	1844620000	2200	257.3357948
32	279313	4605.16	2700890000	2187.5	217.7657246
33	217721	4229.81	1386230000	2112.5	144.8504163
34	193102	4229.34	1679090000	1725	143.23842
35	253318	4122.47	1557330000	2175	159.7338304
36	256042	4168.88	1864530000	2350	148.9079562
37	263130	4131.98	2219410000	2375	133.7314867
38	267894	3875.37	2716310000	2175	153.7350359
39	291899	3166.3	4148070000	2250	174.8166479
40	228088	3637.75	1818400000	2112.5	119.9178055
41	197507	3606.28	1239150000	2200	99.41066001
42	218077	3591.09	1943210000	1587.5	168.3081004
43	282761	4073.79	1563980000	1950	173.7034153
44	235606	3916.36	1213830000	1462.5	146.4070095
45	255081	3901.47	1411480000	2200	136.3488442
46	227476	3628.02	1194830000	1737.5	117.1641681
47	203695	3629.92	928114000	2075	99.69585805
48	185132	3796.15	768015000	1812.5	83.67519444
49	226478	3681.58	1374210000	1562.5	147.3704968
50	263510	3928.41	1043740000	1725	150.0856113
51	257814	3892.94	1686880000	1837.5	143.4986526
52	275799	4197.13	1712320000	2212.5	134.4516022
53	254269	4171.62	1367050000	2112.5	115.3321625
54	212540	4166.11	1207450000	1725	101.4414579
55	203523	4341.05	1208210000	1625	119.0534979
56	294852	4395.81	1431730000	1875	180.47324
57	281949	4408.46	1288020000	2287.5	152.5344188
58	232692	4319.37	1116770000	1675	136.732834
59	273118	4229.88	1161770000	1562.5	160.3442403
60	283540	4324.46	1069940000	1987.5	149.0212022
61	231068	4369.35	906928000	1975	108.2155643
62	238203	4429.67	1313870000	2275	111.7964751
63	296785	4614.52	1968740000	2012.5	149.3409866
64	302941	4776.21	1597140000	2000	167.2582099
65	292320	4789.25	1222280000	1737.5	148.1728918
66	293011	4829.58	2791610000	1912.5	174.4145147
67	309683	5464.16	3615480000	1700	281.5345822
68	292999	5643.53	1669030000	1762.5	227.5956389
69	283278	5835.96	1976040000	2437.5	162.7073282
70	314551	5687.57	2008070000	2175	193.4194609
71	334274	5741.58	1821570000	2050	209.1372614
72	329428	5603.82	2399270000	1887.5	192.2026716
73	356807	5583.74	1780540000	2225	191.5123957
74	312230	5708.11	2354430000	2237.5	161.9724456
75	312104	5996.79	2207100000	1912.5	167.7673012
76	288949	6036.66	2034630000	2275	155.3319302
77	315925	6006	2401840000	2137.5	185.6443395
78	347053	5935.52	2735700000	2087.5	199.7905691
79	315230	5524.6	1966990000	2312.5	141.9753754
80	265647	5747.95	1905040000	2250	112.6505176
81	246588	5899.74	1710130000	1300	166.66746
82	206981	5787.82	1403920000	1062.5	175.0382808
83	333871	5754.44	2859040000	1925	278.857125
84	315930	6114.85	1772150000	1837.5	263.5909742
85	277397	6132.02	2311380000	1725	231.8949993
86	351373	6440.97	2870320000	1950	296.9376042
87	341324	6777.77	4653770000	1875	277.5907948
88	277479	7087.53	3369860000	1487.5	271.7738527
89	293991	7164.48	2483800000	1625	273.249729
90	251587	7404.52	2380410000	1762.5	197.6563993
91	270896	7403.22	3111900000	1662.5	240.3378973
92	335480	7023.1	2326340000	1950	294.127314
93	301202	7141.38	4602200000	1800	262.1693912
94	341128	7446.83	3226250000	1912.5	361.32994
95	271625	7173.73	5208250000	1500	319.9729572
96	194554	6618.61	4908680000	1000	317.0579268
97	185886	6295.45	8957350000	1000	583.6104671
98	309159	5938.25	6263250000	1750	783.3862644
99	271867	6561.48	3197110000	1600	615.0868792
100	321636	6634.76	4200880000	1900	603.509962
101	310244	7323.24	5123810000	1900	502.6402592
102	306450	7853.57	4651670000	2087.5	401.1664327
103	270738	7697.21	3667190000	1700	289.9883924
104	264695	7766.03	3149320000	2000	247.4435441
105	336029	8039.07	3488450000	2187.5	329.0181743
106	370918	8205.74	4277610000	2162.5	310.2965518
107	311885	8077.95	3633530000	1850	256.4031823
108	352050	8232.38	4225180000	1962.5	265.9195691
109	305586	8074.02	5058610000	1862.5	233.5364872
110	336533	8241.71	4342060000	1950	195.6397653
111	329524	8789.04	5475580000	1912.5	191.2220773
112	379086	9352.72	5653320000	2125	236.5030831
113	365821	9823.43	6348820000	1950	245.2309135
114	397917	10077.4	11568800000	2162.499999	290.9021286
115	384219	9906.79	8310690000	2087.5	270.6311441
116	412725	10198.6	6783120000	2287.5	247.0519056
117	326193	10978.3	5138500000	2012.5	190.2958534
118	352868	11082.7	6608310000	2200	187.4511427
119	400505	11315.4	6132410000	2262.5	226.1199096
120	405531	11685.7	6895260000	2225	219.679754
121	443399	11923.4	12656300000	2350	257.1699543
122	374765	14266.1	17950700000	1900	364.605605
123	384936	17802.9	21136000000	1950	641.4296648
124	403225	16523.3	13911300000	2175	567.0884245
125	341256	15168.4	13433300000	2050	458.1002969
126	368427	15427.4	12153900000	2137.5	483.6386507
127	372821	16919.8	14603800000	1950	537.9440791
128	424393	17500	12976900000	2325	604.2979452
129	490459	16384.6	13777400000	2312.5	644.6079443
130	405507	16601.3	14310000000	2112.499999	592.7039343
131	364051	17760.3	12740600000	2137.5	534.0113834
132	391725	19475.8	13314600000	2312.5	535.4386753
133	394057	19106.4	14839500000	2275	587.1254837
134	378482	19118.3	16894500000	1750	662.5955054
135	370141	17760.3	22149700000	1700	911.5917428
136	335350	16642.4	16516600000	1650	1128.76167
137	380493	15898	22198000000	1937.5	1495.946477
138	308072	13948.7	13086000000	1737.5	1065.615595
139	279371	14608.2	11572300000	1900	881.1213628
140	228791	13995.9	10664700000	1687.5	689.394412
141	247298	14036.6	13454300000	1775	725.6238182
142	307486	16163.5	12487600000	1950	784.8171235
143	304904	15864.1	12336500000	1862.5	785.8338917
144	353659	14695.8	13025500000	2062.5	785.7950496
145	344260	14681.9	14452600000	1825	778.5711097
146	290259	12897.7	12136300000	2037.5	545.1445262
147	241601	14112.2	10291200000	1950	469.4130365
148	340809	13625	16846600000	2137.5	649.1649763
149	395806	14978.2	16871900000	1962.5	749.6854726
150	424840	15270.7	21783200000	2100	778.2610948
151	342564	15477.2	23840900000	1787.499999	701.3560209
152	358679	17462.1	18314600000	2100	694.4779056
153	368025	17527.3	15866000000	2025	686.1140025
154	345506	16476.2	18413900000	2075	694.5264055
155	360101	15123.7	16660000000	2050	752.4182028
156	347227	14588.5	18500800000	2075	720.3257009
157	337766	14968.2	16534100000	2412.5	697.4408335
158	299913	13453.9	12065700000	2225	617.6357942
159	265586	13952.4	12763600000	1862.5	528.466321
160	234890	14370.8	11084100000	1937.5	491.3244648
161	273473	13767.3	12750800000	1875	510.1176178
162	303566	13836.1	18853800000	1987.5	606.3824601
163	315604	11431.1	18830600000	2087.5	675.0966865
164	309322	11198.8	15020400000	2162.5	656.8975354
165	243454	11429.8	10740400000	2062.5	491.4899943
166	240433	11656.2	11801700000	2225	429.4031975
167	215435	12889.2	9935180000	2337.5	343.3626963
168	245395	11633.1	10537400000	2087.5	314.6125395
169	271759	10944.5	9660610000	2212.5	285.9580052
170	250247	10903.4	9940990000	2200	283.498099
171	236422	11421.7	8873170000	1975	220.8544664
172	220304	11256	9746200000	1937.5	209.132216
173	193421	11174.9	7583270000	1962.5	168.2546936
174	213288	11475.3	8350360000	1975	155.3448557
175	232028	11755.5	7107360000	1850	145.7511292
176	236442	11306.8	8637860000	2087.5	160.3009039
177	204159	10108.2	8041160000	1462.5	162.2062363
178	257504	10237.3	9959400000	2000	214.0275449
179	235750	9142.28	12726900000	2100	274.3625824
180	194733	8852.12	7263790000	1975	146.9277694
